Video           ymin    ymax    xmin    xmax
20250226_103320.mp4,250,3839,700,1600,spiegelung
20250226_105823.mp4,250,3839,700,1400
20250226_131446.mp4,250,3839,700,1400
20250226_140149.mp4,250,3839,700,1400
20250226_141838.mp4,250,3839,900,1650
20250227_100749.mp4,250,3839,900,1650
20250227_111918.mp4,250,3839,700,1400
20250305_114235.mp4,250,3839,600,1300
20250305_130620.mp4,250,3200,900,1600
20250305_133244.mp4,250,2500,600,1300
20250305_140323.mp4,250,3839,400,1100
20250306_100147.mp4,250,3839,800,1500
20250306_104013.mp4,250,3839,800,1500
20250306_111824.mp4,250,3839,800,1500
20250306_142212.mp4,250,2500,800,1500
20250310_094836.mp4,250,3839,1000,1700
20250310_100951.mp4,250,3839,800,1500
20250310_103352.mp4,250,3839,900,1600
20250313_094707.mp4,250,3839,900,1600
20250313_103957.mp4,250,3839,900,1600
20250313_113957.mp4,250,3839,750,1550
20250313_140053.mp4,250,3839,900,1600
20250314_095356.mp4,250,3839,900,1600
20250314_101554.mp4,250,3839,900,1600
20250314_104024.mp4,250,3839,900,1600
20250314_114108.mp4,250,3839,900,1600
20250314_115745.mp4,250,3839,800,1500
